0.000000 0.021476
0.125333 0.140604
0.248690 0.257940
0.368125 0.371791
0.481754 0.480453
0.587785 0.582264
0.684547 0.675647
0.770513 0.759150
0.844328 0.831462
0.904827 0.891432
0.951057 0.938070
0.982287 0.970555
0.998027 0.988242
0.998027 0.990676
0.982287 0.977623
0.951056 0.949097
0.904827 0.905396
0.844328 0.847121
0.770513 0.775187
0.684547 0.690795
0.587785 0.595381
0.481754 0.490538
0.368124 0.377932
0.248690 0.259234
0.125333 0.136077
-0.000000 0.010078
-0.125333 -0.117112
-0.248690 -0.243712
-0.368125 -0.367736
-0.481754 -0.486952
-0.587785 -0.598911
-0.684547 -0.701064
-0.770513 -0.790938
-0.844328 -0.866337
-0.904827 -0.925534
-0.951057 -0.967399
-0.982287 -0.991454
-0.998027 -0.997852
-0.998027 -0.987305
-0.982287 -0.960979
-0.951056 -0.920375
-0.904827 -0.867225
-0.844328 -0.803395
-0.770513 -0.730807
-0.684547 -0.651376
-0.587785 -0.566956
-0.481754 -0.479289
-0.368124 -0.389978
-0.248690 -0.300448
-0.125333 -0.211936
